1665,1694,1100
1660,1707,2000
1655,1722,2000
1649,1737,2000
1643,1753,2000
1636,1771,2000
1630,1790,2000
1623,1812,2000
1626,1831,2000
1629,1853,2000
1632,1878,2000
1635,1909,2000
1646,1908,2000
1656,1908,2000
1667,1908,2000
1677,1909,2000
1688,1911,2000
1698,1913,2000
1707,1885,2000
1716,1862,2000
1725,1843,2000
1734,1826,2000
1742,1810,2000
1750,1796,2000
1758,1783,2000
1761,1766,2000
1764,1750,2000
1766,1734,2000
1768,1719,2000
1770,1705,2000
1771,1691,2000
1780,1682,2000
1790,1673,2000
1799,1664,2000
1808,1656,2000
1820,1661,2000
1833,1667,2000
1845,1672,2000
1858,1677,2000
1870,1683,2000
1874,1694,2000
1878,1706,2000
1882,1718,2000
1886,1729,2000
1889,1741,2000
1883,1753,2000
1878,1766,2000
1872,1779,2000
1865,1793,2000
1859,1808,2000
1850,1800,2000
1840,1792,2000
1831,1785,2000
1821,1778,2000
1811,1771,2000
1802,1764,2000
1792,1757,2000
1782,1750,2000
1772,1743,2000
1762,1737,2000
1752,1730,2000
1742,1724,2000
1732,1718,2000
1721,1712,2000
1711,1706,2000
1701,1700,2000
1690,1695,2000
1680,1690,2000
1669,1684,2000
1659,1679,2000
1648,1674,2000
1637,1669,2000
1626,1665,1100
1637,1658,1100
1648,1652,1100
1659,1647,1100
1670,1642,1100
1680,1637,1100
1691,1632,1100
1702,1628,1100
1712,1624,1100
1722,1621,1100
1733,1617,1100
1743,1614,1100
1753,1611,1100
1764,1609,1100
1774,1606,1100
1784,1604,1100
1795,1602,1100
1805,1601,1100
1815,1599,1100
1826,1598,1100
1836,1597,2000
1825,1598,2000
1813,1599,2000
1802,1600,2000
1791,1601,2000
1779,1603,2000
1768,1605,2000
1757,1607,2000
1745,1609,2000
1734,1612,1100
1723,1606,1100
1711,1600,1100
1700,1594,1100
1689,1589,1100
1677,1583,1100
1666,1578,1100
1654,1573,1100
1643,1568,1100
1631,1563,1100
1620,1558,2000
1631,1563,2000
1643,1569,2000
1654,1575,2000
1666,1581,2000
1677,1587,2000
1688,1593,2000
1700,1599,2000
1711,1606,2000
1722,1613,1100
1726,1602,1100
1730,1592,1100
1733,1582,1100
1736,1572,1100
1739,1563,1100
1742,1553,1100
1745,1544,1100
1747,1535,1100
1749,1526,1100
1751,1517,1100
1753,1508,2000
1741,1506,2000
1729,1505,2000
1718,1504,2000
1706,1503,2000
1694,1502,2000
1683,1501,2000
1671,1501,2000
1659,1501,2000
1648,1501,1100
1658,1497,1100
1668,1493,1100
1678,1488,1100
1687,1485,1100
1697,1481,2000
1692,1470,2000
1686,1458,2000
1680,1447,2000
1670,1437,2000
1660,1427,2000
1650,1417,2000
1640,1407,2000
1630,1397,2000
1620,1399,2000
1610,1401,2000
1600,1403,2000
1591,1405,2000
1581,1408,2000
1589,1404,2000
1598,1400,2000
1606,1397,2000
1615,1394,2000
1623,1391,2000
1631,1388,2000
1640,1385,2000
1648,1383,2000
1656,1381,2000
1664,1379,2000
1672,1377,2000
1680,1375,2000
1688,1374,2000
1696,1373,2000
1710,1381,2000
1724,1390,2000
1738,1398,2000
1752,1407,2000
1762,1420,2000
1772,1433,2000
1781,1446,2000
1791,1459,2000
1800,1471,2000
1793,1477,2000
1787,1483,2000
1780,1490,2000
1767,1483,2000
1754,1475,2000
1742,1469,2000
1729,1462,2000
1716,1455,2000
1704,1449,2000
1691,1442,2000
1679,1436,2000
1666,1430,2000
1654,1425,2000
1642,1419,2000
1630,1414,2000
1617,1408,2000
1605,1403,2000
1593,1398,2000
1581,1394,2000
1569,1389,2000
1557,1385,2000
1545,1380,2000
1533,1376,1100
1541,1371,1100
1549,1366,1100
1556,1361,1100
1564,1356,1100
1571,1352,1100
1579,1347,1100
1586,1343,1100
1593,1339,2000
1586,1343,2000
1578,1348,2000
1571,1352,2000
1563,1357,2000
1555,1362,2000
1547,1367,1100
1536,1358,1100
1524,1349,1100
1512,1340,1100
1501,1331,1100
1489,1322,2000
1483,1308,2000
1476,1294,2000
1469,1280,2000
1475,1273,2000
1481,1267,2000
1487,1260,2000
1492,1254,2000
1498,1248,2000
1485,1244,2000
1472,1240,2000
1460,1236,2000
1447,1233,2000
1435,1230,1100
1424,1220,1100
1413,1211,1100
1402,1201,1100
1390,1192,1100
1379,1183,1100
1368,1174,1100
1357,1165,1100
1346,1156,2000
1345,1166,2000
1344,1177,2000
1343,1188,2000
1341,1198,2000
1340,1209,2000
1350,1221,2000
1360,1232,2000
1370,1244,2000
1380,1256,2000
1395,1259,2000
1410,1262,2000
1416,1256,2000
1422,1250,2000
1427,1244,2000
1433,1238,2000
1438,1233,2000
1443,1227,2000
1448,1222,2000
1453,1217,2000
1458,1211,2000
1448,1199,2000
1438,1187,2000
1427,1175,2000
1417,1162,2000
1406,1150,2000
1393,1144,2000
1379,1138,2000
1366,1133,2000
1357,1135,2000
1349,1138,2000
1341,1140,2000
1332,1143,2000
1323,1146,2000
1315,1149,2000
1306,1153,2000
1297,1156,2000
1288,1160,2000
1278,1164,2000
1269,1168,2000
1259,1173,2000
1250,1177,2000
1240,1182,2000
1230,1187,2000
1219,1192,1100
1226,1183,1100
1232,1175,1100
1238,1166,1100
1243,1157,1100
1249,1149,1100
1254,1140,1100
1258,1132,1100
1263,1124,1100
1267,1116,1100
1272,1108,1100
1276,1100,1100
1279,1092,1100
1283,1084,1100
1286,1077,1100
1289,1069,1100
1292,1061,1100
1295,1054,2000
1297,1064,2000
1298,1074,2000
1299,1084,2000
1300,1094,2000
1301,1104,2000
1302,1114,2000
1302,1124,2000
1302,1134,2000
1302,1144,2000
1302,1154,2000
1301,1164,2000
1301,1174,1100
1290,1166,1100
1280,1158,1100
1269,1151,1100
1259,1143,1100
1248,1136,1100
1238,1128,1100
1227,1121,1100
1216,1114,1100
1216,1114,1100
