1745,1412,1100
1735,1401,2000
1724,1390,2000
1713,1378,2000
1702,1367,2000
1691,1356,2000
1680,1345,2000
1668,1333,2000
1657,1322,2000
1645,1310,2000
1633,1299,2000
1621,1287,2000
1610,1276,2000
1598,1264,2000
1586,1253,2000
1574,1241,2000
1561,1230,2000
1549,1218,2000
1537,1207,2000
1525,1195,2000
1513,1184,2000
1500,1172,2000
1488,1161,2000
1476,1149,2000
1463,1138,2000
1451,1127,2000
1439,1115,2000
1427,1104,2000
1414,1093,2000
1403,1087,2000
1392,1081,2000
1380,1076,2000
1369,1071,2000
1358,1066,2000
1347,1062,2000
1335,1058,2000
1324,1054,2000
1319,1059,2000
1314,1064,2000
1308,1070,2000
1302,1076,2000
1296,1082,2000
1290,1088,2000
1294,1100,2000
1297,1113,2000
1301,1125,2000
1304,1137,2000
1307,1149,2000
1313,1161,2000
1318,1172,2000
1324,1183,2000
1329,1194,2000
1334,1205,2000
1339,1217,2000
1327,1214,2000
1314,1211,2000
1302,1209,2000
1289,1206,2000
1276,1204,2000
1264,1202,2000
1255,1209,2000
1247,1216,2000
1238,1223,2000
1229,1230,2000
1220,1238,2000
1218,1250,2000
1216,1262,2000
1213,1274,2000
1211,1286,2000
1207,1299,2000
1210,1310,2000
1212,1322,2000
1214,1333,2000
1215,1345,2000
1216,1357,2000
1200,1361,2000
1183,1366,2000
1166,1371,2000
1147,1377,2000
1128,1384,2000
1107,1391,2000
1110,1403,2000
1114,1416,2000
1117,1429,2000
1120,1442,2000
1122,1456,2000
1125,1470,2000
1126,1484,2000
1128,1500,2000
1129,1515,2000
1149,1510,2000
1167,1505,2000
1185,1501,2000
1201,1498,2000
1217,1495,2000
1233,1492,2000
1248,1490,2000
1262,1489,2000
1276,1487,2000
1286,1495,2000
1296,1504,2000
1305,1512,2000
1314,1521,2000
1324,1530,2000
1333,1539,2000
1342,1548,2000
1353,1552,2000
1364,1555,2000
1375,1560,2000
1386,1564,2000
1401,1559,2000
1416,1555,2000
1430,1552,2000
1444,1548,2000
1458,1546,2000
1469,1535,2000
1480,1525,2000
1491,1516,2000
1501,1507,2000
1511,1498,2000
1515,1486,2000
1518,1473,2000
1521,1461,2000
1523,1450,2000
1525,1438,2000
1527,1427,2000
1539,1434,2000
1551,1441,2000
1563,1448,2000
1575,1455,2000
1587,1463,2000
1599,1467,2000
1612,1471,2000
1625,1476,2000
1637,1480,2000
1650,1485,2000
1663,1490,2000
1674,1489,2000
1684,1489,2000
1695,1488,2000
1706,1488,2000
1717,1488,2000
1728,1489,2000
1734,1483,2000
1741,1477,2000
1747,1471,2000
1753,1466,2000
1759,1460,2000
1755,1450,2000
1752,1440,2000
1748,1429,2000
1744,1419,2000
1739,1409,2000
1729,1406,2000
1718,1404,2000
1708,1402,2000
1697,1401,2000
1687,1399,2000
1677,1398,2000
1667,1397,2000
1656,1396,2000
1646,1395,2000
1636,1395,2000
1626,1395,2000
1616,1395,2000
1606,1395,2000
1596,1396,2000
1586,1396,2000
1576,1397,2000
1566,1398,2000
1556,1400,2000
1545,1401,2000
1535,1403,2000
1525,1405,2000
1515,1407,2000
1504,1410,2000
1494,1412,2000
1484,1415,2000
1473,1418,2000
1462,1422,2000
1452,1425,2000
1441,1429,2000
1430,1433,2000
1418,1438,2000
1407,1443,2000
1396,1448,2000
1384,1453,2000
1372,1459,2000
1360,1465,2000
1347,1471,2000
1334,1478,2000
1321,1486,2000
1308,1494,2000
1294,1502,2000
1279,1512,2000
1264,1522,2000
1248,1533,2000
1231,1545,1100
1246,1523,1100
1261,1503,1100
1274,1485,2000
1274,1468,2000
1273,1452,2000
1273,1437,2000
1271,1422,2000
1264,1412,2000
1256,1402,2000
1249,1392,2000
1241,1382,2000
1230,1370,2000
1220,1359,2000
1207,1355,2000
1195,1351,2000
1182,1347,2000
1170,1343,2000
1156,1340,2000
1170,1342,2000
1184,1345,2000
1197,1348,2000
1210,1351,2000
1223,1354,2000
1236,1358,2000
1248,1361,2000
1261,1365,2000
1273,1369,2000
1285,1373,2000
1297,1378,2000
1309,1382,2000
1320,1387,2000
1332,1392,2000
1344,1397,2000
1355,1402,2000
1366,1407,2000
1378,1413,2000
1389,1418,2000
1400,1424,1100
1385,1414,2000
1376,1405,2000
1367,1396,2000
1359,1387,2000
1349,1378,2000
1340,1369,2000
1331,1361,2000
1322,1352,2000
1312,1344,1100
1302,1329,2000
1314,1326,2000
1326,1323,2000
1338,1320,2000
1350,1317,2000
1362,1315,2000
1374,1313,2000
1385,1311,2000
1397,1309,2000
1408,1308,2000
1419,1307,2000
1431,1306,2000
1442,1305,2000
1453,1305,2000
1464,1304,2000
1475,1304,1100
1463,1289,2000
1471,1285,2000
1479,1282,2000
1487,1278,2000
1494,1275,2000
1502,1272,2000
1509,1269,2000
1517,1267,2000
1524,1264,1100
1505,1252,2000
1504,1260,2000
1502,1269,2000
1501,1277,2000
1499,1285,2000
1497,1294,2000
1495,1302,2000
1492,1311,2000
1489,1319,2000
1487,1328,2000
1483,1337,2000
1480,1346,2000
1476,1355,2000
1473,1364,2000
1469,1373,2000
1464,1383,2000
1460,1392,2000
1455,1402,2000
1450,1412,2000
1445,1422,1100
1446,1409,1100
1447,1396,1100
1448,1383,2000
1441,1371,2000
1434,1359,2000
1427,1347,2000
1416,1337,2000
1405,1329,2000
1394,1320,2000
1382,1314,2000
1369,1309,2000
1357,1304,2000
1335,1303,2000
1346,1308,2000
1358,1313,2000
1369,1319,2000
1380,1324,2000
1392,1329,2000
1403,1335,2000
1414,1341,2000
1425,1347,2000
1436,1353,2000
1447,1359,2000
1458,1365,2000
1469,1372,2000
1480,1379,2000
1491,1385,2000
1502,1392,2000
1513,1399,2000
1524,1406,2000
1534,1413,2000
1545,1421,2000
1556,1428,2000
1567,1435,2000
1577,1443,2000
1588,1451,2000
1598,1458,2000
1609,1466,2000
1619,1474,2000
1630,1482,1100
1629,1494,1100
1627,1506,1100
1625,1518,1100
1623,1530,1100
1620,1542,1100
1618,1554,2000
1629,1567,2000
1641,1579,2000
1644,1594,2000
1647,1608,2000
1649,1624,2000
1651,1639,2000
1647,1626,2000
1642,1613,2000
1638,1600,2000
1633,1587,2000
1627,1574,2000
1622,1561,1100
1609,1560,1100
1596,1558,1100
1583,1557,1100
1569,1556,2000
1561,1565,2000
1553,1575,2000
1544,1585,2000
1535,1595,2000
1533,1583,2000
1530,1570,2000
1528,1557,2000
1525,1545,2000
1521,1533,2000
1518,1521,2000
1515,1509,2000
1511,1497,2000
1507,1486,2000
1503,1474,2000
1499,1463,2000
1494,1451,2000
1490,1440,2000
1485,1429,2000
1480,1418,2000
1475,1407,2000
1469,1396,2000
1464,1385,2000
1458,1374,2000
1452,1363,2000
1446,1352,2000
1440,1341,2000
1434,1331,2000
1427,1320,2000
1421,1309,2000
1414,1299,2000
1407,1288,2000
1400,1277,2000
1393,1267,2000
1385,1256,2000
1378,1246,2000
1370,1235,2000
1363,1225,2000
1355,1214,2000
1347,1204,2000
1339,1193,2000
1330,1183,2000
1322,1172,2000
1314,1162,2000
1305,1152,1100
1294,1151,1100
1282,1150,1100
1270,1149,1100
1258,1149,1100
1246,1149,1100
1234,1149,2000
1234,1165,2000
1233,1181,2000
1221,1190,2000
1209,1199,2000
1215,1189,2000
1220,1180,2000
1225,1171,2000
1229,1162,2000
1234,1153,2000
1238,1144,1100
1228,1133,1100
1218,1122,1100
1208,1112,2000
1193,1104,2000
1177,1097,2000
1177,1107,2000
1176,1118,2000
1175,1129,2000
1174,1140,2000
1173,1151,2000
1171,1162,2000
1169,1174,2000
1167,1185,2000
1164,1196,2000
1161,1208,2000
1158,1219,2000
1154,1231,2000
1150,1243,2000
1146,1255,1100
1137,1245,2000
1129,1256,2000
1120,1268,2000
1110,1280,2000
1100,1292,2000
1088,1305,2000
1076,1318,2000
1062,1331,2000
1047,1346,2000
1030,1360,1100
1012,1357,1100
992,1354,2000
1005,1361,2000
1018,1367,2000
1030,1374,2000
1041,1381,2000
1052,1388,2000
1063,1395,2000
1073,1402,2000
1083,1410,2000
1093,1418,2000
1103,1425,2000
1112,1433,2000
1121,1441,2000
1130,1450,2000
1139,1458,2000
1147,1467,2000
1155,1476,2000
1163,1485,2000
1171,1494,2000
1179,1503,2000
1187,1513,2000
1194,1523,2000
1201,1533,2000
1208,1544,2000
1215,1554,2000
1221,1565,2000
1228,1577,2000
1234,1589,2000
1240,1601,2000
1246,1614,2000
1252,1627,2000
1257,1642,2000
1262,1657,2000
1267,1674,2000
1272,1692,1100
1272,1647,2000
1288,1643,2000
1304,1640,2000
1319,1638,2000
1333,1637,2000
1348,1636,2000
1362,1636,2000
1375,1636,2000
1389,1636,1100
1376,1625,2000
1389,1625,2000
1402,1626,2000
1414,1627,2000
1427,1629,2000
1439,1631,2000
1452,1633,2000
1464,1635,2000
1476,1638,2000
1487,1641,2000
1499,1644,2000
1511,1647,2000
1522,1651,2000
1534,1654,1100
1522,1641,2000
1535,1633,2000
1547,1626,2000
1559,1619,2000
1571,1612,2000
1582,1607,2000
1594,1601,2000
1606,1596,2000
1617,1592,2000
1628,1587,2000
1639,1583,2000
1651,1580,2000
1662,1576,2000
1673,1573,2000
1684,1571,2000
1695,1568,2000
1706,1566,2000
1717,1564,2000
1728,1562,2000
1738,1561,2000
1749,1559,1100
1749,1559,1100
